1
5
49
0 0 18.000000 406.750843 370.416268 0.000000 0.000000
1 0 18.000000 247.247756 41.752384 0.000000 0.000000
2 0 18.000000 61.891255 166.267972 0.000000 0.000000
3 0 18.000000 361.513576 106.536423 0.000000 0.000000
4 0 18.000000 538.668025 264.539870 0.000000 0.000000
5 1 18.000000 518.719238 408.120981 0.000000 0.000000
6 1 18.000000 554.710142 485.410563 0.000000 0.000000
7 1 18.000000 617.562330 372.116931 0.000000 0.000000
8 1 18.000000 685.848874 242.167958 0.000000 0.000000
9 1 18.000000 200.419561 478.621647 0.000000 0.000000
10 2 18.000000 706.302549 453.992568 0.000000 0.000000
11 2 18.000000 295.363214 403.669570 0.000000 0.000000
12 2 18.000000 371.096844 496.421170 0.000000 0.000000
13 2 18.000000 174.515509 112.384726 0.000000 0.000000
14 2 18.000000 76.588108 418.460454 0.000000 0.000000
15 -1 21.424577 749.786979 316.507753 -0.000000 0.000000
16 -1 24.800867 130.756557 277.741442 0.000000 0.000000
17 -1 14.030357 277.367807 265.424589 -5.426476 3.382916
18 -1 21.422165 468.245783 136.253647 -0.000000 0.000000
19 -1 20.326028 344.258669 207.069787 0.000000 0.000000
20 -1 24.030978 414.948418 243.973995 -0.000000 0.000000
21 -1 19.357702 473.761158 33.176771 0.000000 0.000000
22 -1 10.654351 52.848734 268.546206 0.092845 0.023512
23 -1 20.858249 737.667247 127.199892 -0.000000 0.000000
24 -1 10.410466 759.622938 71.834654 6.221888 3.116914
25 -1 23.828794 567.756300 153.000760 0.000000 0.000000
26 -1 15.558414 105.398968 51.185800 3.101297 5.267751
27 -1 20.520406 447.613821 463.336939 -0.000000 0.000000
28 -1 17.781683 711.163323 374.059021 -2.728443 2.706124
29 -1 24.652523 686.761922 27.542303 -0.000000 0.000000
30 -1 18.047569 653.224289 124.375853 -0.000000 0.000000
31 -1 14.236320 529.450958 200.451148 0.814181 5.952740
32 -1 21.239933 297.983602 314.045100 -0.000000 0.000000
33 -1 22.129033 542.692123 76.318458 -0.000000 0.000000
34 -1 15.785829 622.457556 472.614852 -4.330649 2.474621
35 -1 11.297699 788.686934 187.973990 6.185377 7.501202
36 -1 10.595511 247.743282 119.834736 8.195652 4.509321
37 -1 10.707244 607.006752 122.302177 1.056607 5.001907
38 -1 10.953835 338.521214 283.530711 -0.827784 7.345022
39 -1 24.671463 219.457141 258.351440 -0.000000 0.000000
40 -1 18.025668 103.394511 341.706939 0.000000 0.000000
41 -1 14.402566 318.000108 27.598660 8.509827 1.740453
42 -1 13.538715 282.878844 478.338464 -4.801237 2.680043
43 -1 22.206008 176.293664 335.066079 -0.000000 0.000000
44 -1 17.632818 76.346198 87.459878 -3.215152 7.849757
45 -1 11.140826 155.659917 396.368371 4.144641 3.278593
46 -1 10.877790 783.980681 106.090188 1.948396 5.288621
47 -1 11.826109 605.787347 433.620624 -1.931402 9.665800
48 -1 22.460994 580.286498 25.741246 -0.000000 0.000000